#k_seq|k_categoryid|date|count
0|1001|2014-12-01_2014-12-02|256402
1|1005|2014-12-01_2014-12-02|109069
2|1004|2014-12-01_2014-12-02|50040
3|1100|2014-12-01_2014-12-02|37005
4|1010|2014-12-01_2014-12-02|22895
5|1012|2014-12-01_2014-12-02|11039
6|1003|2014-12-01_2014-12-02|4033
7|1007|2014-12-01_2014-12-02|3798
8|1002|2014-12-01_2014-12-02|1461
9|1011|2014-12-01_2014-12-02|1348
10|1017|2014-12-01_2014-12-02|1322
11|1006|2014-12-01_2014-12-02|272
12|1016|2014-12-01_2014-12-02|8
13|-1|2014-12-01_2014-12-02|7
14|1014|2014-12-01_2014-12-02|2
15|1018|2014-12-01_2014-12-02|1
0|1001|2014-11-01_2014-12-01|9534056
1|1005|2014-11-01_2014-12-01|5904945
2|1004|2014-11-01_2014-12-01|2031812
3|1100|2014-11-01_2014-12-01|1131619
4|1010|2014-11-01_2014-12-01|1067359
5|1012|2014-11-01_2014-12-01|525200
6|1007|2014-11-01_2014-12-01|293462
7|1003|2014-11-01_2014-12-01|242111
8|1017|2014-11-01_2014-12-01|83475
9|1011|2014-11-01_2014-12-01|71115
10|1002|2014-11-01_2014-12-01|63115
11|1006|2014-11-01_2014-12-01|16847
12|1014|2014-11-01_2014-12-01|80
13|1018|2014-11-01_2014-12-01|74
14|1016|2014-11-01_2014-12-01|49
15|-1|2014-11-01_2014-12-01|41
0|1001|2014-12-01_2014-12-08|2757523
1|1005|2014-12-01_2014-12-08|1589706
2|1004|2014-12-01_2014-12-08|633221
3|1100|2014-12-01_2014-12-08|315877
4|1010|2014-12-01_2014-12-08|215604
5|1012|2014-12-01_2014-12-08|116187
6|1002|2014-12-01_2014-12-08|91422
7|1011|2014-12-01_2014-12-08|60595
8|1003|2014-12-01_2014-12-08|47342
9|1007|2014-12-01_2014-12-08|42291
10|1017|2014-12-01_2014-12-08|13148
11|1006|2014-12-01_2014-12-08|3248
12|1016|2014-12-01_2014-12-08|49
13|-1|2014-12-01_2014-12-08|39
14|1014|2014-12-01_2014-12-08|12
15|1018|2014-12-01_2014-12-08|11
0|1001|2014-11-01_2014-12-01|9534056
1|1005|2014-11-01_2014-12-01|5904945
2|1004|2014-11-01_2014-12-01|2031812
3|1100|2014-11-01_2014-12-01|1131619
4|1010|2014-11-01_2014-12-01|1067359
5|1012|2014-11-01_2014-12-01|525200
11|1006|2014-11-01_2014-12-01|16847
0|1001|2014-12-01_2014-12-07|2326413
1|1005|2014-12-01_2014-12-07|1208548
2|1004|2014-12-01_2014-12-07|524701
3|1100|2014-12-01_2014-12-07|270149
4|1010|2014-12-01_2014-12-07|184903
5|1012|2014-12-01_2014-12-07|95661
6|1002|2014-12-01_2014-12-07|60429
7|1011|2014-12-01_2014-12-07|41377
8|1003|2014-12-01_2014-12-07|38694
9|1007|2014-12-01_2014-12-07|35949
10|1017|2014-12-01_2014-12-07|10753
11|1006|2014-12-01_2014-12-07|1527
12|1016|2014-12-01_2014-12-07|49
13|-1|2014-12-01_2014-12-07|33
14|1014|2014-12-01_2014-12-07|9
15|1018|2014-12-01_2014-12-07|9
0|1001|2014-12-01_2014-12-08|2815413
1|1005|2014-12-01_2014-12-08|1557835
2|1004|2014-12-01_2014-12-08|647067
3|1100|2014-12-01_2014-12-08|321277
4|1010|2014-12-01_2014-12-08|220399
5|1012|2014-12-01_2014-12-08|118362
6|1002|2014-12-01_2014-12-08|91103
7|1011|2014-12-01_2014-12-08|61324
8|1003|2014-12-01_2014-12-08|47972
9|1007|2014-12-01_2014-12-08|43305
10|1017|2014-12-01_2014-12-08|13475
11|1006|2014-12-01_2014-12-08|1809
12|1016|2014-12-01_2014-12-08|49
13|-1|2014-12-01_2014-12-08|39
14|1014|2014-12-01_2014-12-08|12
15|1018|2014-12-01_2014-12-08|11
0|1001|2014-12-08_2014-12-15|3452171
1|1005|2014-12-08_2014-12-15|2020034
2|1004|2014-12-08_2014-12-15|824565
3|1100|2014-12-08_2014-12-15|275684
4|1010|2014-12-08_2014-12-15|239804
5|1002|2014-12-08_2014-12-15|170765
6|1012|2014-12-08_2014-12-15|141104
7|1011|2014-12-08_2014-12-15|88095
8|1003|2014-12-08_2014-12-15|62533
9|1007|2014-12-08_2014-12-15|50958
10|1017|2014-12-08_2014-12-15|21242
11|1006|2014-12-08_2014-12-15|1746
12|1016|2014-12-08_2014-12-15|57
13|-1|2014-12-08_2014-12-15|47
14|1014|2014-12-08_2014-12-15|30
15|1018|2014-12-08_2014-12-15|13
0|1001|2014-11-24_2014-12-01|2693036
1|1005|2014-11-24_2014-12-01|1460012
2|1004|2014-11-24_2014-12-01|668634
3|1100|2014-11-24_2014-12-01|361233
4|1010|2014-11-24_2014-12-01|272478
5|1012|2014-11-24_2014-12-01|124834
6|1007|2014-11-24_2014-12-01|102050
7|1003|2014-11-24_2014-12-01|50649
8|1002|2014-11-24_2014-12-01|22201
9|1011|2014-11-24_2014-12-01|17822
10|1017|2014-11-24_2014-12-01|14337
11|1006|2014-11-24_2014-12-01|1402
12|-1|2014-11-24_2014-12-01|32
13|1018|2014-11-24_2014-12-01|14
14|1016|2014-11-24_2014-12-01|10
15|1014|2014-11-24_2014-12-01|9
0|1001|2014-11-17_2014-11-24|1371530
1|1005|2014-11-17_2014-11-24|1271016
2|1001|2014-11-17_2014-11-24|1006567
3|1004|2014-11-17_2014-11-24|507769
4|1010|2014-11-17_2014-11-24|296972
5|1100|2014-11-17_2014-11-24|253702
6|1005|2014-11-17_2014-11-24|158349
7|1012|2014-11-17_2014-11-24|120051
8|1007|2014-11-17_2014-11-24|104471
9|1003|2014-11-17_2014-11-24|55102
10|1011|2014-11-17_2014-11-24|18339
11|1002|2014-11-17_2014-11-24|15157
12|1017|2014-11-17_2014-11-24|14365
13|1006|2014-11-17_2014-11-24|1213
14|1014|2014-11-17_2014-11-24|27
15|1018|2014-11-17_2014-11-24|18
16|1016|2014-11-17_2014-11-24|14
17|-1|2014-11-17_2014-11-24|9
0|1001|2014-11-10_2014-11-11|142353
1|1005|2014-11-10_2014-11-11|105231
2|1001|2014-11-10_2014-11-11|85755
3|1004|2014-11-10_2014-11-11|37876
4|1100|2014-11-10_2014-11-11|24041
5|1010|2014-11-10_2014-11-11|21284
6|1005|2014-11-10_2014-11-11|17174
7|1012|2014-11-10_2014-11-11|15841
8|1003|2014-11-10_2014-11-11|5973
9|1007|2014-11-10_2014-11-11|5003
10|1017|2014-11-10_2014-11-11|1908
11|1011|2014-11-10_2014-11-11|1577
12|1002|2014-11-10_2014-11-11|777
13|1006|2014-11-10_2014-11-11|13
14|1014|2014-11-10_2014-11-11|2
15|1018|2014-11-10_2014-11-11|1
0|1001|2014-11-10_2014-11-17|1959995
1|1005|2014-11-10_2014-11-17|1194832
2|1004|2014-11-10_2014-11-17|387790
3|1010|2014-11-10_2014-11-17|254900
4|1100|2014-11-10_2014-11-17|192324
5|1012|2014-11-10_2014-11-17|121986
6|1005|2014-11-10_2014-11-17|43244
7|1003|2014-11-10_2014-11-17|37947
8|1017|2014-11-10_2014-11-17|27289
9|1007|2014-11-10_2014-11-17|23901
10|1004|2014-11-10_2014-11-17|18078
11|1017|2014-11-10_2014-11-17|14939
12|1011|2014-11-10_2014-11-17|12304
13|1002|2014-11-10_2014-11-17|11717
14|1001|2014-11-10_2014-11-17|11513
15|1003|2014-11-10_2014-11-17|10968
16|1100|2014-11-10_2014-11-17|9365
17|1011|2014-11-10_2014-11-17|5749
18|1007|2014-11-10_2014-11-17|5611
19|1010|2014-11-10_2014-11-17|5466
20|1012|2014-11-10_2014-11-17|1652
21|1006|2014-11-10_2014-11-17|611
22|1006|2014-11-10_2014-11-17|201
23|1002|2014-11-10_2014-11-17|172
24|1014|2014-11-10_2014-11-17|9
25|1018|2014-11-10_2014-11-17|5
26|1016|2014-11-10_2014-11-17|4
27|1014|2014-11-10_2014-11-17|3
28|1018|2014-11-10_2014-11-17|2
0|1001|2014-11-03_2014-11-10|1810634
1|1005|2014-11-03_2014-11-10|978859
2|1004|2014-11-03_2014-11-10|306249
3|1100|2014-11-03_2014-11-10|208055
4|1010|2014-11-03_2014-11-10|164345
5|1012|2014-11-03_2014-11-10|117595
6|1003|2014-11-03_2014-11-10|55366
7|1007|2014-11-03_2014-11-10|42461
8|1011|2014-11-03_2014-11-10|12396
9|1002|2014-11-03_2014-11-10|8794
10|1017|2014-11-03_2014-11-10|7466
11|1017|2014-11-03_2014-11-10|1309
12|1007|2014-11-03_2014-11-10|777
13|1003|2014-11-03_2014-11-10|387
14|1004|2014-11-03_2014-11-10|327
15|1100|2014-11-03_2014-11-10|297
16|1006|2014-11-03_2014-11-10|191
17|1010|2014-11-03_2014-11-10|152
18|1005|2014-11-03_2014-11-10|118
19|1011|2014-11-03_2014-11-10|74
20|1006|2014-11-03_2014-11-10|38
21|1001|2014-11-03_2014-11-10|28
22|1016|2014-11-03_2014-11-10|11
23|1018|2014-11-03_2014-11-10|11
24|1014|2014-11-03_2014-11-10|10
25|1016|2014-11-03_2014-11-10|9
26|1014|2014-11-03_2014-11-10|9
27|1012|2014-11-03_2014-11-10|6
28|1018|2014-11-03_2014-11-10|4
29|1002|2014-11-03_2014-11-10|3
0|1001|2014-10-27_2014-11-03|1911791
1|1005|2014-10-27_2014-11-03|993618
2|1004|2014-10-27_2014-11-03|348073
3|1100|2014-10-27_2014-11-03|211262
4|1010|2014-10-27_2014-11-03|187745
5|1012|2014-10-27_2014-11-03|105875
6|1003|2014-10-27_2014-11-03|68891
7|1007|2014-10-27_2014-11-03|25978
8|1011|2014-10-27_2014-11-03|13303
9|1002|2014-10-27_2014-11-03|10268
10|1017|2014-10-27_2014-11-03|7887
11|1001|2014-10-27_2014-11-03|2053
12|1017|2014-10-27_2014-11-03|556
13|1006|2014-10-27_2014-11-03|321
14|1007|2014-10-27_2014-11-03|294
15|1004|2014-10-27_2014-11-03|184
16|1100|2014-10-27_2014-11-03|169
17|1003|2014-10-27_2014-11-03|76
18|1014|2014-10-27_2014-11-03|21
19|1011|2014-10-27_2014-11-03|19
20|1010|2014-10-27_2014-11-03|12
21|1018|2014-10-27_2014-11-03|7
22|1018|2014-10-27_2014-11-03|7
23|1005|2014-10-27_2014-11-03|5
24|1016|2014-10-27_2014-11-03|2
25|1002|2014-10-27_2014-11-03|2
26|1014|2014-10-27_2014-11-03|2
27|1012|2014-10-27_2014-11-03|1
0|1001|2014-10-20_2014-10-27|1623390
1|1005|2014-10-20_2014-10-27|902758
2|1004|2014-10-20_2014-10-27|332411
3|1010|2014-10-20_2014-10-27|157224
4|1100|2014-10-20_2014-10-27|111997
5|1012|2014-10-20_2014-10-27|90978
6|1003|2014-10-20_2014-10-27|30651
7|1007|2014-10-20_2014-10-27|13904
8|1011|2014-10-20_2014-10-27|10842
9|1002|2014-10-20_2014-10-27|10653
10|1017|2014-10-20_2014-10-27|5979
11|1017|2014-10-20_2014-10-27|530
12|1100|2014-10-20_2014-10-27|428
13|1004|2014-10-20_2014-10-27|388
14|1006|2014-10-20_2014-10-27|200
15|1007|2014-10-20_2014-10-27|112
16|1003|2014-10-20_2014-10-27|67
17|1014|2014-10-20_2014-10-27|16
18|1011|2014-10-20_2014-10-27|12
19|1018|2014-10-20_2014-10-27|11
20|1016|2014-10-20_2014-10-27|7
21|1012|2014-10-20_2014-10-27|7
22|1005|2014-10-20_2014-10-27|4
23|1010|2014-10-20_2014-10-27|2
24|1018|2014-10-20_2014-10-27|2
25|1014|2014-10-20_2014-10-27|1
0|1001|2014-10-13_2014-10-20|1429557
1|1005|2014-10-13_2014-10-20|785206
2|1004|2014-10-13_2014-10-20|276581
3|1010|2014-10-13_2014-10-20|147327
4|1100|2014-10-13_2014-10-20|100022
5|1012|2014-10-13_2014-10-20|76267
6|1003|2014-10-13_2014-10-20|34497
7|1007|2014-10-13_2014-10-20|18691
8|1002|2014-10-13_2014-10-20|12593
9|1011|2014-10-13_2014-10-20|12095
10|1001|2014-10-13_2014-10-20|7480
11|1017|2014-10-13_2014-10-20|4314
12|1017|2014-10-13_2014-10-20|754
13|1006|2014-10-13_2014-10-20|227
14|1007|2014-10-13_2014-10-20|152
15|1003|2014-10-13_2014-10-20|24
16|1100|2014-10-13_2014-10-20|18
17|1018|2014-10-13_2014-10-20|18
18|1014|2014-10-13_2014-10-20|16
19|1011|2014-10-13_2014-10-20|10
20|1014|2014-10-13_2014-10-20|1
0|1001|2014-10-06_2014-10-13|1226778
1|1005|2014-10-06_2014-10-13|770683
2|1004|2014-10-06_2014-10-13|240674
3|1010|2014-10-06_2014-10-13|150089
4|1100|2014-10-06_2014-10-13|98026
5|1012|2014-10-06_2014-10-13|69296
6|1003|2014-10-06_2014-10-13|45135
7|1007|2014-10-06_2014-10-13|10718
8|1002|2014-10-06_2014-10-13|10000
9|1011|2014-10-06_2014-10-13|8189
10|1017|2014-10-06_2014-10-13|4554
11|1001|2014-10-06_2014-10-13|956
12|1004|2014-10-06_2014-10-13|774
13|1017|2014-10-06_2014-10-13|739
14|1006|2014-10-06_2014-10-13|237
15|1007|2014-10-06_2014-10-13|101
16|1100|2014-10-06_2014-10-13|33
17|1003|2014-10-06_2014-10-13|32
18|1018|2014-10-06_2014-10-13|15
19|1014|2014-10-06_2014-10-13|8
20|1011|2014-10-06_2014-10-13|7
21|1018|2014-10-06_2014-10-13|6
22|1005|2014-10-06_2014-10-13|5
23|1010|2014-10-06_2014-10-13|1
0|1001|2014-09-29_2014-10-06|1245360
1|1005|2014-09-29_2014-10-06|1010315
2|1004|2014-09-29_2014-10-06|306943
3|1010|2014-09-29_2014-10-06|178780
4|1100|2014-09-29_2014-10-06|122711
5|1003|2014-09-29_2014-10-06|74802
6|1012|2014-09-29_2014-10-06|73751
7|1007|2014-09-29_2014-10-06|12497
8|1002|2014-09-29_2014-10-06|10727
9|1011|2014-09-29_2014-10-06|8382
10|1017|2014-09-29_2014-10-06|5854
11|1017|2014-09-29_2014-10-06|518
12|1006|2014-09-29_2014-10-06|421
13|1014|2014-09-29_2014-10-06|122
14|1007|2014-09-29_2014-10-06|102
15|1014|2014-09-29_2014-10-06|84
16|1001|2014-09-29_2014-10-06|71
17|1018|2014-09-29_2014-10-06|45
18|1100|2014-09-29_2014-10-06|16
19|1011|2014-09-29_2014-10-06|10
20|1003|2014-09-29_2014-10-06|7
21|1018|2014-09-29_2014-10-06|4
22|1010|2014-09-29_2014-10-06|2
23|1004|2014-09-29_2014-10-06|1
0|1001|2014-09-22_2014-10-29|7167909
1|1005|2014-09-22_2014-10-29|4233823
2|1004|2014-09-22_2014-10-29|1523304
3|1010|2014-09-22_2014-10-29|820516
4|1100|2014-09-22_2014-10-29|550823
5|1012|2014-09-22_2014-10-29|412903
6|1003|2014-09-22_2014-10-29|230147
7|1007|2014-09-22_2014-10-29|69236
8|1011|2014-09-22_2014-10-29|56117
9|1002|2014-09-22_2014-10-29|46840
10|1017|2014-09-22_2014-10-29|30911
11|1001|2014-09-22_2014-10-29|3322
12|1005|2014-09-22_2014-10-29|1314
13|1006|2014-09-22_2014-10-29|1196
14|1017|2014-09-22_2014-10-29|555
15|1018|2014-09-22_2014-10-29|297
16|1014|2014-09-22_2014-10-29|261
17|1007|2014-09-22_2014-10-29|101
18|1003|2014-09-22_2014-10-29|31
19|1011|2014-09-22_2014-10-29|10
20|1016|2014-09-22_2014-10-29|7
21|1100|2014-09-22_2014-10-29|2
22|1018|2014-09-22_2014-10-29|2
0|1001|2014-09-15_2014-10-22|6494112
1|1005|2014-09-15_2014-10-22|3765952
2|1004|2014-09-15_2014-10-22|1428267
3|1010|2014-09-15_2014-10-22|776066
4|1100|2014-09-15_2014-10-22|492868
5|1012|2014-09-15_2014-10-22|395469
6|1003|2014-09-15_2014-10-22|231275
7|1007|2014-09-15_2014-10-22|63590
8|1011|2014-09-15_2014-10-22|56458
9|1002|2014-09-15_2014-10-22|37782
10|1017|2014-09-15_2014-10-22|29952
11|1006|2014-09-15_2014-10-22|1108
12|1018|2014-09-15_2014-10-22|425
13|1014|2014-09-15_2014-10-22|243
14|1017|2014-09-15_2014-10-22|164
15|1007|2014-09-15_2014-10-22|21
16|1010|2014-09-15_2014-10-22|21
17|1011|2014-09-15_2014-10-22|5
18|1003|2014-09-15_2014-10-22|1
0|1001|2014-09-08_2014-10-15|5904921
1|1005|2014-09-08_2014-10-15|3475394
2|1004|2014-09-08_2014-10-15|1357088
3|1010|2014-09-08_2014-10-15|762615
4|1100|2014-09-08_2014-10-15|497800
5|1012|2014-09-08_2014-10-15|408593
6|1003|2014-09-08_2014-10-15|228819
7|1011|2014-09-08_2014-10-15|52648
8|1007|2014-09-08_2014-10-15|52534
9|1017|2014-09-08_2014-10-15|30152
10|1002|2014-09-08_2014-10-15|22433
11|1004|2014-09-08_2014-10-15|1876
12|1006|2014-09-08_2014-10-15|1086
13|1018|2014-09-08_2014-10-15|552
14|1014|2014-09-08_2014-10-15|224
15|1017|2014-09-08_2014-10-15|134
16|1005|2014-09-08_2014-10-15|32
17|1007|2014-09-08_2014-10-15|19
18|1011|2014-09-08_2014-10-15|3
19|1100|2014-09-08_2014-10-15|2
0|1001|2014-09-01_2014-10-08|5315682
1|1005|2014-09-01_2014-10-08|3385759
2|1004|2014-09-01_2014-10-08|1299260
3|1010|2014-09-01_2014-10-08|757127
4|1100|2014-09-01_2014-10-08|535635
5|1012|2014-09-01_2014-10-08|430887
6|1003|2014-09-01_2014-10-08|222413
7|1011|2014-09-01_2014-10-08|53004
8|1007|2014-09-01_2014-10-08|46495
9|1017|2014-09-01_2014-10-08|29476
10|1002|2014-09-01_2014-10-08|14578
11|1001|2014-09-01_2014-10-08|3558
12|1006|2014-09-01_2014-10-08|1462
13|1018|2014-09-01_2014-10-08|675
14|1014|2014-09-01_2014-10-08|219
15|1017|2014-09-01_2014-10-08|122
16|1012|2014-09-01_2014-10-08|71
17|1007|2014-09-01_2014-10-08|11
18|1100|2014-09-01_2014-10-08|7
19|1010|2014-09-01_2014-10-08|2
0|1001|2014-09-22_2014-09-29|1025544
1|1005|2014-09-22_2014-09-29|487561
2|1004|2014-09-22_2014-09-29|241950
3|1010|2014-09-22_2014-09-29|121248
4|1100|2014-09-22_2014-09-29|72127
5|1012|2014-09-22_2014-09-29|69789
6|1003|2014-09-22_2014-09-29|32237
7|1011|2014-09-22_2014-09-29|12705
8|1007|2014-09-22_2014-09-29|7741
9|1017|2014-09-22_2014-09-29|5379
10|1018|2014-09-22_2014-09-29|188
11|1006|2014-09-22_2014-09-29|37
12|1014|2014-09-22_2014-09-29|7
13|1002|2014-09-22_2014-09-29|5
0|1001|2014-09-15_2014-09-22|1019850
1|1005|2014-09-15_2014-09-22|490162
2|1004|2014-09-15_2014-09-22|256530
3|1010|2014-09-15_2014-09-22|122869
4|1012|2014-09-15_2014-09-22|79175
5|1100|2014-09-15_2014-09-22|69024
6|1003|2014-09-15_2014-09-22|30370
7|1011|2014-09-15_2014-09-22|10547
8|1007|2014-09-15_2014-09-22|7913
9|1017|2014-09-15_2014-09-22|5909
10|1018|2014-09-15_2014-09-22|131
11|1006|2014-09-15_2014-09-22|112
0|1001|2014-09-08_2014-09-15|970305
1|1005|2014-09-08_2014-09-15|540342
2|1004|2014-09-08_2014-09-15|227328
3|1010|2014-09-08_2014-09-15|139906
4|1100|2014-09-08_2014-09-15|110645
5|1012|2014-09-08_2014-09-15|95945
6|1003|2014-09-08_2014-09-15|32461
7|1011|2014-09-08_2014-09-15|10190
8|1007|2014-09-08_2014-09-15|8318
9|1017|2014-09-08_2014-09-15|5496
10|1006|2014-09-08_2014-09-15|202
11|1018|2014-09-08_2014-09-15|140
0|1001|2014-09-01_2014-09-08|594446
1|1005|2014-09-01_2014-09-08|486045
2|1004|2014-09-01_2014-09-08|160011
3|1010|2014-09-01_2014-09-08|126663
4|1100|2014-09-01_2014-09-08|115847
5|1012|2014-09-01_2014-09-08|82289
6|1003|2014-09-01_2014-09-08|28534
7|1011|2014-09-01_2014-09-08|7352
8|1007|2014-09-01_2014-09-08|5703
9|1017|2014-09-01_2014-09-08|3760
10|1006|2014-09-01_2014-09-08|548
11|1018|2014-09-01_2014-09-08|128
0|1005|2014-08-25_2014-09-01|511492
1|1001|2014-08-25_2014-09-01|294552
2|1004|2014-08-25_2014-09-01|98459
3|1100|2014-08-25_2014-09-01|79265
4|1010|2014-08-25_2014-09-01|61877
5|1012|2014-08-25_2014-09-01|56318
6|1003|2014-08-25_2014-09-01|13497
7|1011|2014-08-25_2014-09-01|7585
8|1007|2014-08-25_2014-09-01|4966
9|1017|2014-08-25_2014-09-01|2955
10|1018|2014-08-25_2014-09-01|331
11|1006|2014-08-25_2014-09-01|210
12|1004|2014-08-25_2014-09-01|144
13|1017|2014-08-25_2014-09-01|90
14|1001|2014-08-25_2014-09-01|74
15|1005|2014-08-25_2014-09-01|25
16|1007|2014-08-25_2014-09-01|15
17|1002|2014-08-25_2014-09-01|15
18|1100|2014-08-25_2014-09-01|9
19|1018|2014-08-25_2014-09-01|1
0|1001|2014-12-01_2014-12-08|2427578
1|1005|2014-12-01_2014-12-08|1407979
2|1001|2014-12-01_2014-12-08|388376
3|1004|2014-12-01_2014-12-08|342941
4|1004|2014-12-01_2014-12-08|303586
5|1100|2014-12-01_2014-12-08|300717
6|1010|2014-12-01_2014-12-08|210528
7|1005|2014-12-01_2014-12-08|149856
8|1012|2014-12-01_2014-12-08|118358
9|1002|2014-12-01_2014-12-08|76777
10|1011|2014-12-01_2014-12-08|46941
11|1003|2014-12-01_2014-12-08|41981
12|1007|2014-12-01_2014-12-08|37962
13|1100|2014-12-01_2014-12-08|20559
14|1011|2014-12-01_2014-12-08|14383
15|1002|2014-12-01_2014-12-08|14326
16|1017|2014-12-01_2014-12-08|9997
17|1010|2014-12-01_2014-12-08|9871
18|1003|2014-12-01_2014-12-08|5991
19|1007|2014-12-01_2014-12-08|5343
20|1017|2014-12-01_2014-12-08|3478
21|1006|2014-12-01_2014-12-08|1768
22|1016|2014-12-01_2014-12-08|49
23|1006|2014-12-01_2014-12-08|41
24|-1|2014-12-01_2014-12-08|39
25|1014|2014-12-01_2014-12-08|12
26|1018|2014-12-01_2014-12-08|10
27|1012|2014-12-01_2014-12-08|4
28|1018|2014-12-01_2014-12-08|1
0|1001|2014-12-01_2014-12-08|2815954
1|1005|2014-12-01_2014-12-08|1557835
2|1004|2014-12-01_2014-12-08|646527
3|1100|2014-12-01_2014-12-08|321276
4|1010|2014-12-01_2014-12-08|220399
5|1012|2014-12-01_2014-12-08|118362
7|1011|2014-12-01_2014-12-08|61324
8|1003|2014-12-01_2014-12-08|47972
9|1007|2014-12-01_2014-12-08|43305
10|1017|2014-12-01_2014-12-08|13475
11|1006|2014-12-01_2014-12-08|1809
12|1016|2014-12-01_2014-12-08|49
13|-1|2014-12-01_2014-12-08|39
14|1014|2014-12-01_2014-12-08|12
15|1018|2014-12-01_2014-12-08|11
0|1001|2014-12-08_2014-12-15|3309316
1|1005|2014-12-08_2014-12-15|2007385
2|1004|2014-12-08_2014-12-15|706405
3|1100|2014-12-08_2014-12-15|275497
4|1010|2014-12-08_2014-12-15|226491
5|1001|2014-12-08_2014-12-15|217072
6|1002|2014-12-08_2014-12-15|145881
7|1012|2014-12-08_2014-12-15|141104
8|1011|2014-12-08_2014-12-15|87796
9|1003|2014-12-08_2014-12-15|60696
10|1007|2014-12-08_2014-12-15|45477
11|1004|2014-12-08_2014-12-15|43943
12|1002|2014-12-08_2014-12-15|24884
13|1017|2014-12-08_2014-12-15|18096
14|1010|2014-12-08_2014-12-15|13313
15|1005|2014-12-08_2014-12-15|12649
16|1007|2014-12-08_2014-12-15|5481
17|1017|2014-12-08_2014-12-15|3146
18|1003|2014-12-08_2014-12-15|1837
19|1006|2014-12-08_2014-12-15|1705
20|1011|2014-12-08_2014-12-15|299
21|1100|2014-12-08_2014-12-15|187
22|1016|2014-12-08_2014-12-15|56
23|1006|2014-12-08_2014-12-15|41
24|-1|2014-12-08_2014-12-15|38
25|1014|2014-12-08_2014-12-15|30
26|1018|2014-12-08_2014-12-15|13
27|-1|2014-12-08_2014-12-15|9
28|1016|2014-12-08_2014-12-15|1
0|1001|2014-11-24_2014-11-30|2238170
1|1005|2014-11-24_2014-11-30|1150307
2|1004|2014-11-24_2014-11-30|543062
3|1100|2014-11-24_2014-11-30|287388
4|1010|2014-11-24_2014-11-30|223483
5|1012|2014-11-24_2014-11-30|101837
6|1007|2014-11-24_2014-11-30|94035
7|1003|2014-11-24_2014-11-30|41905
8|1002|2014-11-24_2014-11-30|17475
9|1011|2014-11-24_2014-11-30|14485
10|1017|2014-11-24_2014-11-30|11923
11|1006|2014-11-24_2014-11-30|1115
12|1017|2014-11-24_2014-11-30|92
13|-1|2014-11-24_2014-11-30|29
14|1007|2014-11-24_2014-11-30|15
15|1018|2014-11-24_2014-11-30|8
16|1100|2014-11-24_2014-11-30|7
17|1016|2014-11-24_2014-11-30|6
18|1014|2014-11-24_2014-11-30|6
19|1018|2014-11-24_2014-11-30|2
20|1011|2014-11-24_2014-11-30|1
0|1001|2014-11-17_2014-11-24|2378097
1|1005|2014-11-17_2014-11-24|1429365
2|1004|2014-11-17_2014-11-24|507769
3|1010|2014-11-17_2014-11-24|296972
4|1100|2014-11-17_2014-11-24|253687
5|1012|2014-11-17_2014-11-24|120051
6|1007|2014-11-17_2014-11-24|104467
7|1003|2014-11-17_2014-11-24|55101
8|1011|2014-11-17_2014-11-24|18339
9|1002|2014-11-17_2014-11-24|15157
10|1017|2014-11-17_2014-11-24|14285
11|1006|2014-11-17_2014-11-24|1213
12|1017|2014-11-17_2014-11-24|80
13|1014|2014-11-17_2014-11-24|27
14|1018|2014-11-17_2014-11-24|18
15|1100|2014-11-17_2014-11-24|15
18|1007|2014-11-17_2014-11-24|4
19|1003|2014-11-17_2014-11-24|1
0|1001|2014-11-10_2014-11-17|1971508
1|1005|2014-11-10_2014-11-17|1238076
2|1004|2014-11-10_2014-11-17|405868
3|1010|2014-11-10_2014-11-17|260366
4|1100|2014-11-10_2014-11-17|201689
5|1012|2014-11-10_2014-11-17|123638
6|1003|2014-11-10_2014-11-17|48915
7|1017|2014-11-10_2014-11-17|42228
8|1007|2014-11-10_2014-11-17|29512
9|1011|2014-11-10_2014-11-17|18053
10|1002|2014-11-10_2014-11-17|11889
11|1006|2014-11-10_2014-11-17|812
12|1014|2014-11-10_2014-11-17|12
13|1018|2014-11-10_2014-11-17|7
14|1016|2014-11-10_2014-11-17|4
0|1001|2014-11-03_2014-11-10|1810662
1|1005|2014-11-03_2014-11-10|978977
2|1004|2014-11-03_2014-11-10|306576
3|1100|2014-11-03_2014-11-10|208352
4|1010|2014-11-03_2014-11-10|164497
5|1012|2014-11-03_2014-11-10|117601
6|1003|2014-11-03_2014-11-10|55753
7|1007|2014-11-03_2014-11-10|43238
8|1011|2014-11-03_2014-11-10|12470
9|1002|2014-11-03_2014-11-10|8797
10|1017|2014-11-03_2014-11-10|8775
11|1006|2014-11-03_2014-11-10|229
12|1016|2014-11-03_2014-11-10|20
13|1014|2014-11-03_2014-11-10|19
14|1018|2014-11-03_2014-11-10|15
0|1001|2014-10-27_2014-11-03|1913844
1|1005|2014-10-27_2014-11-03|993623
2|1004|2014-10-27_2014-11-03|348257
3|1100|2014-10-27_2014-11-03|211431
4|1010|2014-10-27_2014-11-03|187757
5|1012|2014-10-27_2014-11-03|105876
6|1003|2014-10-27_2014-11-03|68967
7|1007|2014-10-27_2014-11-03|26272
8|1011|2014-10-27_2014-11-03|13322
9|1002|2014-10-27_2014-11-03|10270
10|1017|2014-10-27_2014-11-03|8443
11|1006|2014-10-27_2014-11-03|321
12|1014|2014-10-27_2014-11-03|23
13|1018|2014-10-27_2014-11-03|14
14|1016|2014-10-27_2014-11-03|2
0|1001|2014-10-20_2014-10-27|1623390
1|1005|2014-10-20_2014-10-27|902762
2|1004|2014-10-20_2014-10-27|332799
3|1010|2014-10-20_2014-10-27|157226
4|1100|2014-10-20_2014-10-27|112425
5|1012|2014-10-20_2014-10-27|90985
6|1003|2014-10-20_2014-10-27|30718
7|1007|2014-10-20_2014-10-27|14016
8|1011|2014-10-20_2014-10-27|10854
9|1002|2014-10-20_2014-10-27|10653
10|1017|2014-10-20_2014-10-27|6509
11|1006|2014-10-20_2014-10-27|200
12|1014|2014-10-20_2014-10-27|17
13|1018|2014-10-20_2014-10-27|13
14|1016|2014-10-20_2014-10-27|7
0|1001|2014-10-13_2014-10-20|1437037
1|1005|2014-10-13_2014-10-20|785206
2|1004|2014-10-13_2014-10-20|276581
3|1010|2014-10-13_2014-10-20|147327
4|1100|2014-10-13_2014-10-20|100040
5|1012|2014-10-13_2014-10-20|76267
6|1003|2014-10-13_2014-10-20|34521
7|1007|2014-10-13_2014-10-20|18843
8|1002|2014-10-13_2014-10-20|12593
9|1011|2014-10-13_2014-10-20|12105
10|1017|2014-10-13_2014-10-20|5068
11|1006|2014-10-13_2014-10-20|227
12|1018|2014-10-13_2014-10-20|18
13|1014|2014-10-13_2014-10-20|17
0|1001|2014-10-06_2014-10-13|1227734
1|1005|2014-10-06_2014-10-13|770688
2|1004|2014-10-06_2014-10-13|241448
3|1010|2014-10-06_2014-10-13|150090
4|1100|2014-10-06_2014-10-13|98059
5|1012|2014-10-06_2014-10-13|69296
6|1003|2014-10-06_2014-10-13|45167
7|1007|2014-10-06_2014-10-13|10819
8|1002|2014-10-06_2014-10-13|10000
9|1011|2014-10-06_2014-10-13|8196
10|1017|2014-10-06_2014-10-13|5293
11|1006|2014-10-06_2014-10-13|237
12|1018|2014-10-06_2014-10-13|21
13|1014|2014-10-06_2014-10-13|8
0|1001|2014-09-29_2014-10-06|1245431
1|1005|2014-09-29_2014-10-06|1010315
2|1004|2014-09-29_2014-10-06|306944
3|1010|2014-09-29_2014-10-06|178782
4|1100|2014-09-29_2014-10-06|122727
5|1003|2014-09-29_2014-10-06|74809
7|1007|2014-09-29_2014-10-06|12599
8|1002|2014-09-29_2014-10-06|10727
9|1011|2014-09-29_2014-10-06|8392
10|1017|2014-09-29_2014-10-06|6372
11|1006|2014-09-29_2014-10-06|421
12|1014|2014-09-29_2014-10-06|206
13|1018|2014-09-29_2014-10-06|49
0|1001|2014-09-22_2014-09-29|1025544
1|1005|2014-09-22_2014-09-29|487561
2|1004|2014-09-22_2014-09-29|241950
3|1010|2014-09-22_2014-09-29|121248
4|1100|2014-09-22_2014-09-29|72127
5|1012|2014-09-22_2014-09-29|69789
6|1003|2014-09-22_2014-09-29|32237
7|1011|2014-09-22_2014-09-29|12705
8|1007|2014-09-22_2014-09-29|7741
9|1017|2014-09-22_2014-09-29|5379
10|1018|2014-09-22_2014-09-29|188
11|1006|2014-09-22_2014-09-29|37
12|1014|2014-09-22_2014-09-29|7
0|1001|2014-09-15_2014-09-22|1019850
1|1005|2014-09-15_2014-09-22|490162
2|1004|2014-09-15_2014-09-22|256530
3|1010|2014-09-15_2014-09-22|122869
5|1100|2014-09-15_2014-09-22|69024
6|1003|2014-09-15_2014-09-22|30370
7|1011|2014-09-15_2014-09-22|10547
8|1007|2014-09-15_2014-09-22|7913
9|1017|2014-09-15_2014-09-22|5909
10|1018|2014-09-15_2014-09-22|131
11|1006|2014-09-15_2014-09-22|112
0|1001|2014-09-08_2014-09-15|970305
1|1005|2014-09-08_2014-09-15|540342
2|1004|2014-09-08_2014-09-15|227328
3|1010|2014-09-08_2014-09-15|139906
4|1100|2014-09-08_2014-09-15|110645
5|1012|2014-09-08_2014-09-15|95945
6|1003|2014-09-08_2014-09-15|32461
7|1011|2014-09-08_2014-09-15|10190
8|1007|2014-09-08_2014-09-15|8318
9|1017|2014-09-08_2014-09-15|5496
10|1006|2014-09-08_2014-09-15|202
11|1018|2014-09-08_2014-09-15|140
0|1001|2014-09-01_2014-09-08|594446
1|1005|2014-09-01_2014-09-08|486045
2|1004|2014-09-01_2014-09-08|160011
3|1010|2014-09-01_2014-09-08|126663
4|1100|2014-09-01_2014-09-08|115847
5|1012|2014-09-01_2014-09-08|82289
6|1003|2014-09-01_2014-09-08|28534
7|1011|2014-09-01_2014-09-08|7352
8|1007|2014-09-01_2014-09-08|5703
9|1017|2014-09-01_2014-09-08|3760
10|1006|2014-09-01_2014-09-08|548
11|1018|2014-09-01_2014-09-08|128
0|1005|2014-08-25_2014-09-01|511517
1|1001|2014-08-25_2014-09-01|294626
2|1004|2014-08-25_2014-09-01|98603
3|1100|2014-08-25_2014-09-01|79274
4|1010|2014-08-25_2014-09-01|61877
5|1012|2014-08-25_2014-09-01|56318
6|1003|2014-08-25_2014-09-01|13497
7|1011|2014-08-25_2014-09-01|7585
8|1007|2014-08-25_2014-09-01|4981
9|1017|2014-08-25_2014-09-01|3045
10|1018|2014-08-25_2014-09-01|332
11|1006|2014-08-25_2014-09-01|210
12|1002|2014-08-25_2014-09-01|15
0|1001|2014-12-24_2014-12-27|1788700
1|1005|2014-12-24_2014-12-27|952044
2|1004|2014-12-24_2014-12-27|243282
3|1001|2014-12-24_2014-12-27|131448
4|1100|2014-12-24_2014-12-27|114774
5|1010|2014-12-24_2014-12-27|90207
6|1004|2014-12-24_2014-12-27|86063
7|1012|2014-12-24_2014-12-27|69197
8|1005|2014-12-24_2014-12-27|54045
9|1002|2014-12-24_2014-12-27|45526
10|1003|2014-12-24_2014-12-27|27930
11|1002|2014-12-24_2014-12-27|23237
12|1007|2014-12-24_2014-12-27|17473
13|1011|2014-12-24_2014-12-27|15675
14|1010|2014-12-24_2014-12-27|10817
15|1017|2014-12-24_2014-12-27|8079
16|1007|2014-12-24_2014-12-27|4027
17|1017|2014-12-24_2014-12-27|3434
18|1003|2014-12-24_2014-12-27|2221
19|1006|2014-12-24_2014-12-27|806
20|1011|2014-12-24_2014-12-27|719
21|-1|2014-12-24_2014-12-27|67
22|1100|2014-12-24_2014-12-27|31
23|1018|2014-12-24_2014-12-27|8
24|1014|2014-12-24_2014-12-27|3
25|1016|2014-12-24_2014-12-27|3
26|1016|2014-12-24_2014-12-27|2
27|1006|2014-12-24_2014-12-27|1
0|1001|2014-12-20_2014-12-27|4344123
1|1005|2014-12-20_2014-12-27|2573579
2|1004|2014-12-20_2014-12-27|816230
3|1100|2014-12-20_2014-12-27|305732
4|1010|2014-12-20_2014-12-27|257643
5|1002|2014-12-20_2014-12-27|205044
6|1012|2014-12-20_2014-12-27|174635
7|1003|2014-12-20_2014-12-27|73441
8|1007|2014-12-20_2014-12-27|54224
9|1011|2014-12-20_2014-12-27|42533
10|1017|2014-12-20_2014-12-27|27383
11|1006|2014-12-20_2014-12-27|1631
12|-1|2014-12-20_2014-12-27|137
13|1017|2014-12-20_2014-12-27|112
14|1018|2014-12-20_2014-12-27|24
15|1014|2014-12-20_2014-12-27|14
16|1016|2014-12-20_2014-12-27|10
17|1004|2014-12-20_2014-12-27|10
18|1007|2014-12-20_2014-12-27|5
19|1100|2014-12-20_2014-12-27|2
20|1011|2014-12-20_2014-12-27|1
0|1001|2014-12-25_2014-12-26|625965
1|1005|2014-12-25_2014-12-26|310578
2|1004|2014-12-25_2014-12-26|108800
3|1100|2014-12-25_2014-12-26|38576
4|1010|2014-12-25_2014-12-26|31792
5|1012|2014-12-25_2014-12-26|22890
6|1002|2014-12-25_2014-12-26|20819
7|1003|2014-12-25_2014-12-26|10231
8|1007|2014-12-25_2014-12-26|7170
9|1011|2014-12-25_2014-12-26|5721
10|1017|2014-12-25_2014-12-26|3536
11|1006|2014-12-25_2014-12-26|300
12|-1|2014-12-25_2014-12-26|22
13|1014|2014-12-25_2014-12-26|1
14|1016|2014-12-25_2014-12-26|1
0|1001|2014-12-27_2014-12-28|760722
1|1005|2014-12-27_2014-12-28|600376
2|1004|2014-12-27_2014-12-28|152116
3|1100|2014-12-27_2014-12-28|54791
4|1002|2014-12-27_2014-12-28|44861
5|1010|2014-12-27_2014-12-28|44066
6|1012|2014-12-27_2014-12-28|33239
7|1003|2014-12-27_2014-12-28|12973
8|1011|2014-12-27_2014-12-28|10772
9|1007|2014-12-27_2014-12-28|8841
10|1017|2014-12-27_2014-12-28|3887
11|1004|2014-12-27_2014-12-28|1321
12|1010|2014-12-27_2014-12-28|1081
13|1017|2014-12-27_2014-12-28|322
14|1006|2014-12-27_2014-12-28|302
15|-1|2014-12-27_2014-12-28|16
16|1100|2014-12-27_2014-12-28|7
17|1018|2014-12-27_2014-12-28|7
18|1016|2014-12-27_2014-12-28|1
19|1007|2014-12-27_2014-12-28|1
20|1014|2014-12-27_2014-12-28|1
2|1004|2014-12-27_2014-12-28|153437
3|1100|2014-12-27_2014-12-28|54798
4|1010|2014-12-27_2014-12-28|45147
5|1002|2014-12-27_2014-12-28|44861
9|1007|2014-12-27_2014-12-28|8842
10|1017|2014-12-27_2014-12-28|4209
11|1006|2014-12-27_2014-12-28|302
12|-1|2014-12-27_2014-12-28|16
13|1018|2014-12-27_2014-12-28|7
14|1014|2014-12-27_2014-12-28|1
15|1016|2014-12-27_2014-12-28|1
0|1001|2014-12-29_2015-01-05|5593984
1|1005|2014-12-29_2015-01-05|3304248
2|1004|2014-12-29_2015-01-05|1001162
3|1010|2014-12-29_2015-01-05|370489
4|1100|2014-12-29_2015-01-05|339956
5|1002|2014-12-29_2015-01-05|263851
6|1012|2014-12-29_2015-01-05|179366
7|1003|2014-12-29_2015-01-05|66217
8|1007|2014-12-29_2015-01-05|49771
9|1011|2014-12-29_2015-01-05|37018
10|1017|2014-12-29_2015-01-05|25319
11|1002|2014-12-29_2015-01-05|18845
12|1004|2014-12-29_2015-01-05|11614
13|1001|2014-12-29_2015-01-05|6760
14|1007|2014-12-29_2015-01-05|4124
15|1010|2014-12-29_2015-01-05|2459
16|1006|2014-12-29_2015-01-05|2369
17|1017|2014-12-29_2015-01-05|1896
18|1003|2014-12-29_2015-01-05|1599
19|-1|2014-12-29_2015-01-05|105
20|1100|2014-12-29_2015-01-05|38
21|1016|2014-12-29_2015-01-05|30
22|1014|2014-12-29_2015-01-05|22
23|1018|2014-12-29_2015-01-05|20
24|1018|2014-12-29_2015-01-05|3
0|1001|2015-01-03_2015-01-04|853110
1|1005|2015-01-03_2015-01-04|593206
2|1004|2015-01-03_2015-01-04|157168
3|1010|2015-01-03_2015-01-04|57492
4|1100|2015-01-03_2015-01-04|57138
5|1002|2015-01-03_2015-01-04|47789
6|1012|2015-01-03_2015-01-04|32373
7|1003|2015-01-03_2015-01-04|12522
8|1007|2015-01-03_2015-01-04|9374
9|1011|2015-01-03_2015-01-04|7056
10|1017|2015-01-03_2015-01-04|5200
11|1006|2015-01-03_2015-01-04|351
12|-1|2015-01-03_2015-01-04|3
13|1018|2015-01-03_2015-01-04|3
0|1001|2015-01-04_2015-01-05|756986
1|1005|2015-01-04_2015-01-05|352121
2|1004|2015-01-04_2015-01-05|124337
3|1010|2015-01-04_2015-01-05|47764
4|1100|2015-01-04_2015-01-05|43038
5|1002|2015-01-04_2015-01-05|39334
6|1012|2015-01-04_2015-01-05|23213
7|1003|2015-01-04_2015-01-05|10046
8|1007|2015-01-04_2015-01-05|8132
9|1017|2015-01-04_2015-01-05|4808
10|1011|2015-01-04_2015-01-05|4641
11|1006|2015-01-04_2015-01-05|286
12|1016|2015-01-04_2015-01-05|6
13|-1|2015-01-04_2015-01-05|5
14|1018|2015-01-04_2015-01-05|1
15|1001|2015-01-04_2015-01-05|1
0|1001|2015-01-03_2015-01-04|2004
1|1005|2015-01-03_2015-01-04|1138
2|1004|2015-01-03_2015-01-04|318
3|1010|2015-01-03_2015-01-04|200
4|1100|2015-01-03_2015-01-04|197
5|1012|2015-01-03_2015-01-04|122
6|1002|2015-01-03_2015-01-04|55
7|1003|2015-01-03_2015-01-04|35
8|1007|2015-01-03_2015-01-04|24
9|1011|2015-01-03_2015-01-04|13
10|1017|2015-01-03_2015-01-04|11
0|1001|2015-01-03_2015-01-04|538
1|1005|2015-01-03_2015-01-04|289
2|1004|2015-01-03_2015-01-04|91
3|1012|2015-01-03_2015-01-04|49
4|1100|2015-01-03_2015-01-04|37
5|1010|2015-01-03_2015-01-04|35
6|1003|2015-01-03_2015-01-04|15
7|1002|2015-01-03_2015-01-04|15
8|1011|2015-01-03_2015-01-04|4
9|1007|2015-01-03_2015-01-04|4
10|1017|2015-01-03_2015-01-04|2
0|1001|2015-01-03_2015-01-04|735
1|1005|2015-01-03_2015-01-04|380
2|1004|2015-01-03_2015-01-04|107
3|1010|2015-01-03_2015-01-04|86
4|1100|2015-01-03_2015-01-04|68
5|1002|2015-01-03_2015-01-04|19
6|1012|2015-01-03_2015-01-04|18
7|1007|2015-01-03_2015-01-04|14
8|1003|2015-01-03_2015-01-04|10
9|1017|2015-01-03_2015-01-04|3
10|1011|2015-01-03_2015-01-04|1
0|1001|2015-01-03_2015-01-04|731
1|1005|2015-01-03_2015-01-04|469
2|1004|2015-01-03_2015-01-04|120
3|1100|2015-01-03_2015-01-04|92
4|1010|2015-01-03_2015-01-04|79
5|1012|2015-01-03_2015-01-04|55
6|1002|2015-01-03_2015-01-04|21
7|1003|2015-01-03_2015-01-04|10
8|1011|2015-01-03_2015-01-04|8
9|1017|2015-01-03_2015-01-04|6
10|1007|2015-01-03_2015-01-04|6
0|1001|2015-01-03_2015-01-04|538
1|1005|2015-01-03_2015-01-04|289
2|1004|2015-01-03_2015-01-04|91
4|1100|2015-01-03_2015-01-04|37
8|1011|2015-01-03_2015-01-04|4
0|1001|2015-01-10_2015-01-15|4249437
1|1005|2015-01-10_2015-01-15|2471417
2|1004|2015-01-10_2015-01-15|737551
3|1100|2015-01-10_2015-01-15|263672
4|1010|2015-01-10_2015-01-15|237298
5|1002|2015-01-10_2015-01-15|222578
6|1005|2015-01-10_2015-01-15|165381
7|1012|2015-01-10_2015-01-15|157755
8|1003|2015-01-10_2015-01-15|57644
9|1004|2015-01-10_2015-01-15|47799
10|1010|2015-01-10_2015-01-15|45503
11|1007|2015-01-10_2015-01-15|44252
12|1001|2015-01-10_2015-01-15|42234
13|1002|2015-01-10_2015-01-15|33156
14|1011|2015-01-10_2015-01-15|31064
15|1017|2015-01-10_2015-01-15|22454
16|1003|2015-01-10_2015-01-15|12885
17|1007|2015-01-10_2015-01-15|6617
18|1017|2015-01-10_2015-01-15|5462
19|1011|2015-01-10_2015-01-15|4002
20|1006|2015-01-10_2015-01-15|2342
21|1006|2015-01-10_2015-01-15|483
22|-1|2015-01-10_2015-01-15|164
23|1100|2015-01-10_2015-01-15|63
24|1014|2015-01-10_2015-01-15|32
25|1016|2015-01-10_2015-01-15|17
26|1018|2015-01-10_2015-01-15|2
27|1014|2015-01-10_2015-01-15|1
0|1001|2014-12-25_2014-12-26|611750
1|1005|2014-12-25_2014-12-26|301952
2|1004|2014-12-25_2014-12-26|106375
3|1100|2014-12-25_2014-12-26|37602
4|1010|2014-12-25_2014-12-26|31065
5|1012|2014-12-25_2014-12-26|22204
6|1002|2014-12-25_2014-12-26|20341
7|1003|2014-12-25_2014-12-26|9973
8|1007|2014-12-25_2014-12-26|6991
9|1011|2014-12-25_2014-12-26|5533
10|1017|2014-12-25_2014-12-26|3449
11|1006|2014-12-25_2014-12-26|294
12|-1|2014-12-25_2014-12-26|22
0|1001|2014-12-24_2014-12-25|537180
1|1005|2014-12-24_2014-12-25|278602
2|1004|2014-12-24_2014-12-25|94335
3|1100|2014-12-24_2014-12-25|34224
4|1010|2014-12-24_2014-12-25|30143
5|1012|2014-12-24_2014-12-25|20453
6|1002|2014-12-24_2014-12-25|20424
7|1003|2014-12-24_2014-12-25|8506
8|1007|2014-12-24_2014-12-25|6112
9|1011|2014-12-24_2014-12-25|4407
10|1017|2014-12-24_2014-12-25|3072
11|1006|2014-12-24_2014-12-25|184
12|-1|2014-12-24_2014-12-25|18
13|1018|2014-12-24_2014-12-25|5
0|1001|2014-12-23_2014-12-24|555216
1|1005|2014-12-23_2014-12-24|276811
2|1004|2014-12-23_2014-12-24|91811
3|1100|2014-12-23_2014-12-24|38290
4|1010|2014-12-23_2014-12-24|33121
5|1002|2014-12-23_2014-12-24|24199
6|1012|2014-12-23_2014-12-24|21911
7|1003|2014-12-23_2014-12-24|8974
8|1007|2014-12-23_2014-12-24|7072
9|1011|2014-12-23_2014-12-24|4784
10|1017|2014-12-23_2014-12-24|3475
11|1006|2014-12-23_2014-12-24|176
12|-1|2014-12-23_2014-12-24|11
13|1016|2014-12-23_2014-12-24|3
14|1018|2014-12-23_2014-12-24|2
15|1014|2014-12-23_2014-12-24|1
0|1001|2014-12-22_2014-12-23|526033
1|1005|2014-12-22_2014-12-23|284243
2|1004|2014-12-22_2014-12-23|95010
3|1100|2014-12-22_2014-12-23|38298
4|1010|2014-12-22_2014-12-23|33123
5|1002|2014-12-22_2014-12-23|24140
6|1012|2014-12-22_2014-12-23|22289
7|1003|2014-12-22_2014-12-23|8695
8|1007|2014-12-22_2014-12-23|6893
9|1011|2014-12-22_2014-12-23|5078
10|1017|2014-12-22_2014-12-23|3303
11|1006|2014-12-22_2014-12-23|188
12|-1|2014-12-22_2014-12-23|8
13|1014|2014-12-22_2014-12-23|7
14|1018|2014-12-22_2014-12-23|4
0|1001|2014-12-21_2014-12-22|605809
1|1005|2014-12-21_2014-12-22|469347
2|1004|2014-12-21_2014-12-22|135344
3|1100|2014-12-21_2014-12-22|54125
4|1010|2014-12-21_2014-12-22|40975
5|1002|2014-12-21_2014-12-22|40387
6|1012|2014-12-21_2014-12-22|30243
7|1003|2014-12-21_2014-12-22|11422
8|1007|2014-12-21_2014-12-22|8380
9|1011|2014-12-21_2014-12-22|7554
10|1017|2014-12-21_2014-12-22|4047
11|1006|2014-12-21_2014-12-22|164
12|-1|2014-12-21_2014-12-22|21
13|1018|2014-12-21_2014-12-22|9
14|1014|2014-12-21_2014-12-22|3
15|1016|2014-12-21_2014-12-22|1
0|1001|2014-12-20_2014-12-21|601737
1|1005|2014-12-20_2014-12-21|503167
2|1004|2014-12-20_2014-12-21|139113
3|1100|2014-12-20_2014-12-21|52891
4|1002|2014-12-20_2014-12-21|42567
5|1010|2014-12-20_2014-12-21|42094
6|1012|2014-12-20_2014-12-21|29074
7|1003|2014-12-20_2014-12-21|11071
8|1007|2014-12-20_2014-12-21|8586
9|1011|2014-12-20_2014-12-21|8158
10|1017|2014-12-20_2014-12-21|4082
11|1006|2014-12-20_2014-12-21|279
12|-1|2014-12-20_2014-12-21|30
13|1018|2014-12-20_2014-12-21|1
14|1016|2014-12-20_2014-12-21|1
0|1001|2014-12-19_2014-12-20|557922
1|1005|2014-12-19_2014-12-20|314025
2|1004|2014-12-19_2014-12-20|109752
3|1100|2014-12-19_2014-12-20|40608
4|1010|2014-12-19_2014-12-20|36487
5|1002|2014-12-19_2014-12-20|27371
6|1012|2014-12-19_2014-12-20|21935
7|1003|2014-12-19_2014-12-20|8756
8|1007|2014-12-19_2014-12-20|7078
9|1011|2014-12-19_2014-12-20|5999
10|1017|2014-12-19_2014-12-20|3190
11|1006|2014-12-19_2014-12-20|383
12|-1|2014-12-19_2014-12-20|14
13|1017|2014-12-19_2014-12-20|4
14|1016|2014-12-19_2014-12-20|4
15|1014|2014-12-19_2014-12-20|2
16|1018|2014-12-19_2014-12-20|1
0|1001|2014-12-18_2014-12-19|510914
1|1005|2014-12-18_2014-12-19|248183
2|1004|2014-12-18_2014-12-19|97458
3|1100|2014-12-18_2014-12-19|33866
4|1010|2014-12-18_2014-12-19|32836
5|1002|2014-12-18_2014-12-19|21245
6|1012|2014-12-18_2014-12-19|20207
7|1003|2014-12-18_2014-12-19|8261
8|1007|2014-12-18_2014-12-19|7016
9|1011|2014-12-18_2014-12-19|4896
10|1017|2014-12-18_2014-12-19|3231
11|1006|2014-12-18_2014-12-19|191
12|-1|2014-12-18_2014-12-19|2
13|1017|2014-12-18_2014-12-19|2
14|1018|2014-12-18_2014-12-19|1
0|1001|2014-12-17_2014-12-18|498043
1|1005|2014-12-17_2014-12-18|244449
2|1004|2014-12-17_2014-12-18|94208
3|1100|2014-12-17_2014-12-18|33822
4|1010|2014-12-17_2014-12-18|31412
5|1002|2014-12-17_2014-12-18|22477
6|1012|2014-12-17_2014-12-18|18016
7|1003|2014-12-17_2014-12-18|7944
8|1007|2014-12-17_2014-12-18|6720
9|1011|2014-12-17_2014-12-18|6250
10|1017|2014-12-17_2014-12-18|3306
11|1006|2014-12-17_2014-12-18|125
12|1016|2014-12-17_2014-12-18|6
13|1017|2014-12-17_2014-12-18|4
14|1014|2014-12-17_2014-12-18|3
15|1018|2014-12-17_2014-12-18|1
16|-1|2014-12-17_2014-12-18|1
0|1001|2014-12-16_2014-12-17|511641
1|1005|2014-12-16_2014-12-17|263312
2|1004|2014-12-16_2014-12-17|93884
3|1100|2014-12-16_2014-12-17|34631
4|1010|2014-12-16_2014-12-17|31467
5|1002|2014-12-16_2014-12-17|24928
6|1012|2014-12-16_2014-12-17|19168
7|1011|2014-12-16_2014-12-17|8732
8|1003|2014-12-16_2014-12-17|8728
9|1007|2014-12-16_2014-12-17|7663
10|1017|2014-12-16_2014-12-17|3599
11|1006|2014-12-16_2014-12-17|252
12|-1|2014-12-16_2014-12-17|13
13|1016|2014-12-16_2014-12-17|12
14|1017|2014-12-16_2014-12-17|1
0|1001|2014-12-15_2014-12-16|505883
1|1005|2014-12-15_2014-12-16|252338
2|1004|2014-12-15_2014-12-16|96892
3|1100|2014-12-15_2014-12-16|33474
4|1010|2014-12-15_2014-12-16|33250
5|1002|2014-12-15_2014-12-16|24204
6|1012|2014-12-15_2014-12-16|18971
7|1011|2014-12-15_2014-12-16|9403
8|1003|2014-12-15_2014-12-16|8245
9|1007|2014-12-15_2014-12-16|7007
10|1017|2014-12-15_2014-12-16|3076
11|1006|2014-12-15_2014-12-16|123
12|-1|2014-12-15_2014-12-16|6
13|1014|2014-12-15_2014-12-16|4
14|1017|2014-12-15_2014-12-16|4
15|1016|2014-12-15_2014-12-16|3
0|1001|2014-12-28_2014-12-29|750268
1|1005|2014-12-28_2014-12-29|582301
2|1004|2014-12-28_2014-12-29|140039
3|1100|2014-12-28_2014-12-29|54042
4|1010|2014-12-28_2014-12-29|47639
5|1002|2014-12-28_2014-12-29|40318
6|1012|2014-12-28_2014-12-29|32489
7|1003|2014-12-28_2014-12-29|12842
8|1007|2014-12-28_2014-12-29|8471
9|1011|2014-12-28_2014-12-29|8019
10|1017|2014-12-28_2014-12-29|4183
11|1006|2014-12-28_2014-12-29|242
12|-1|2014-12-28_2014-12-29|15
13|1016|2014-12-28_2014-12-29|12
14|1018|2014-12-28_2014-12-29|4
15|1014|2014-12-28_2014-12-29|2
16|1017|2014-12-28_2014-12-29|2
0|1001|2014-12-27_2014-12-28|760722
1|1005|2014-12-27_2014-12-28|600376
2|1004|2014-12-27_2014-12-28|153437
3|1100|2014-12-27_2014-12-28|54798
4|1010|2014-12-27_2014-12-28|45147
5|1002|2014-12-27_2014-12-28|44861
6|1012|2014-12-27_2014-12-28|33239
7|1003|2014-12-27_2014-12-28|12973
8|1011|2014-12-27_2014-12-28|10772
9|1007|2014-12-27_2014-12-28|8842
10|1017|2014-12-27_2014-12-28|4209
11|1006|2014-12-27_2014-12-28|302
12|-1|2014-12-27_2014-12-28|16
13|1018|2014-12-27_2014-12-28|7
14|1014|2014-12-27_2014-12-28|1
15|1016|2014-12-27_2014-12-28|1
0|1001|2014-12-26_2014-12-27|693373
1|1005|2014-12-26_2014-12-27|407085
2|1004|2014-12-26_2014-12-27|117303
3|1100|2014-12-26_2014-12-27|39798
4|1010|2014-12-26_2014-12-27|37502
5|1002|2014-12-26_2014-12-27|26067
6|1012|2014-12-26_2014-12-27|25534
7|1003|2014-12-26_2014-12-27|10481
8|1007|2014-12-26_2014-12-27|7767
9|1011|2014-12-26_2014-12-27|6191
10|1017|2014-12-26_2014-12-27|4416
11|1006|2014-12-26_2014-12-27|305
12|-1|2014-12-26_2014-12-27|24
13|1018|2014-12-26_2014-12-27|3
14|1016|2014-12-26_2014-12-27|3
15|1014|2014-12-26_2014-12-27|2
0|1001|2014-12-26_2014-12-27|426296
1|1001|2014-12-26_2014-12-27|261044
2|1005|2014-12-26_2014-12-27|215579
3|1005|2014-12-26_2014-12-27|191448
4|1004|2014-12-26_2014-12-27|108870
5|1010|2014-12-26_2014-12-27|32333
6|1002|2014-12-26_2014-12-27|26067
7|1100|2014-12-26_2014-12-27|22142
8|1012|2014-12-26_2014-12-27|18115
9|1100|2014-12-26_2014-12-27|14552
10|1003|2014-12-26_2014-12-27|10255
11|1007|2014-12-26_2014-12-27|7767
12|1012|2014-12-26_2014-12-27|7411
13|1004|2014-12-26_2014-12-27|7400
14|1011|2014-12-26_2014-12-27|6001
15|1017|2014-12-26_2014-12-27|4415
16|-1|2014-12-26_2014-12-27|24
17|1006|2014-12-26_2014-12-27|21
18|1016|2014-12-26_2014-12-27|3
19|1018|2014-12-26_2014-12-27|3
20|1014|2014-12-26_2014-12-27|2
0|1001|2014-12-26_2014-12-27|687340
1|1005|2014-12-26_2014-12-27|407027
2|1004|2014-12-26_2014-12-27|116270
3|1100|2014-12-26_2014-12-27|36694
4|1010|2014-12-26_2014-12-27|32333
6|1012|2014-12-26_2014-12-27|25526
7|1003|2014-12-26_2014-12-27|10255
9|1011|2014-12-26_2014-12-27|6001
10|1017|2014-12-26_2014-12-27|4415
11|1001|2014-12-26_2014-12-27|2600
12|1010|2014-12-26_2014-12-27|146
13|1003|2014-12-26_2014-12-27|62
14|1005|2014-12-26_2014-12-27|29
15|1004|2014-12-26_2014-12-27|27
18|1100|2014-12-26_2014-12-27|4
20|1016|2014-12-26_2014-12-27|3
21|1014|2014-12-26_2014-12-27|2
22|1017|2014-12-26_2014-12-27|1
23|1011|2014-12-26_2014-12-27|1
0|1001|2014-12-01_2015-01-01|17206659
1|1005|2014-12-01_2015-01-01|9927443
2|1004|2014-12-01_2015-01-01|3391995
3|1100|2014-12-01_2015-01-01|1244354
4|1010|2014-12-01_2015-01-01|999130
5|1002|2014-12-01_2015-01-01|776813
6|1012|2014-12-01_2015-01-01|666922
7|1003|2014-12-01_2015-01-01|255625
8|1011|2014-12-01_2015-01-01|254990
9|1007|2014-12-01_2015-01-01|211582
10|1017|2014-12-01_2015-01-01|71816
11|1001|2014-12-01_2015-01-01|65608
12|1005|2014-12-01_2015-01-01|31577
13|1017|2014-12-01_2015-01-01|25016
14|1004|2014-12-01_2015-01-01|22742
15|1003|2014-12-01_2015-01-01|19286
16|1007|2014-12-01_2015-01-01|10941
17|1010|2014-12-01_2015-01-01|8723
18|1100|2014-12-01_2015-01-01|8563
19|1011|2014-12-01_2015-01-01|2997
20|1002|2014-12-01_2015-01-01|2379
21|1012|2014-12-01_2015-01-01|2065
22|1006|2014-12-01_2015-01-01|692
23|-1|2014-12-01_2015-01-01|366
24|1006|2014-12-01_2015-01-01|198
25|1016|2014-12-01_2015-01-01|157
26|1014|2014-12-01_2015-01-01|50
27|1018|2014-12-01_2015-01-01|43
28|1014|2014-12-01_2015-01-01|36
29|1018|2014-12-01_2015-01-01|28
30|1016|2014-12-01_2015-01-01|12
31|-1|2014-12-01_2015-01-01|6
0|1001|2014-12-01_2015-01-01|17257906
1|1005|2014-12-01_2015-01-01|9950069
2|1004|2014-12-01_2015-01-01|3412140
3|1100|2014-12-01_2015-01-01|1251781
4|1010|2014-12-01_2015-01-01|1006973
5|1002|2014-12-01_2015-01-01|778599
6|1012|2014-12-01_2015-01-01|668343
7|1003|2014-12-01_2015-01-01|274635
8|1011|2014-12-01_2015-01-01|257726
9|1007|2014-12-01_2015-01-01|222359
10|1017|2014-12-01_2015-01-01|96758
11|1006|2014-12-01_2015-01-01|890
12|-1|2014-12-01_2015-01-01|372
13|1016|2014-12-01_2015-01-01|168
14|1014|2014-12-01_2015-01-01|86
15|1018|2014-12-01_2015-01-01|71
16|1011|2014-12-01_2015-01-01|11
